Jump Value: 1 | Ref Level: 0
Iter    Rel. Residual           Reduction Factor
-------------------------------------------------------
 0       8.727077e-16            -----
 1       8.727077e-16            1.0000
 2       8.727077e-16            1.0000
 3       8.727077e-16            1.0000
 4       8.727077e-16            1.0000
 5       8.727077e-16            1.0000
 6       8.727077e-16            1.0000
 7       8.727077e-16            1.0000
 8       8.727077e-16            1.0000
 9       8.727077e-16            1.0000
 10      8.727077e-16            1.0000
 11      8.727077e-16            1.0000
 12      8.727077e-16            1.0000
 13      8.727077e-16            1.0000
 14      8.727077e-16            1.0000
 15      8.727077e-16            1.0000
-------------------------------------------------------

Jump Value: 1.0000 | Ref Level: 1
Iter    Rel. Residual           Reduction Factor
-------------------------------------------------------
 0       5.732925e-02            -----
 1       8.380806e-03            0.1462
 2       1.679009e-03            0.2003
 3       3.991612e-04            0.2377
 4       1.046280e-04            0.2621
 5       2.881897e-05            0.2754
 6       8.158300e-06            0.2831
 7       2.341753e-06            0.2870
 8       6.776956e-07            0.2894
 9       1.971202e-07            0.2909
 10      5.753997e-08            0.2919
 11      1.684066e-08            0.2927
 12      4.938965e-09            0.2933
 13      1.450778e-09            0.2937
 14      4.266712e-10            0.2941
 15      1.255972e-10            0.2944
-------------------------------------------------------

Jump Value: 1.0000 | Ref Level: 2
Iter    Rel. Residual           Reduction Factor
-------------------------------------------------------
 0       6.535458e-02            -----
 1       9.911735e-03            0.1517
 2       2.366879e-03            0.2388
 3       6.664131e-04            0.2816
 4       1.978484e-04            0.2969
 5       6.115871e-05            0.3091
 6       1.942116e-05            0.3176
 7       6.291539e-06            0.3240
 8       2.068438e-06            0.3288
 9       6.875033e-07            0.3324
 10      2.303564e-07            0.3351
 11      7.763967e-08            0.3370
 12      2.628049e-08            0.3385
 13      8.923706e-09            0.3396
 14      3.037072e-09            0.3403
 15      1.035385e-09            0.3409
-------------------------------------------------------

Jump Value: 1.0000 | Ref Level: 3
Iter    Rel. Residual           Reduction Factor
-------------------------------------------------------
 0       6.526384e-02            -----
 1       9.500351e-03            0.1456
 2       2.279478e-03            0.2399
 3       6.350638e-04            0.2786
 4       1.881102e-04            0.2962
 5       5.808396e-05            0.3088
 6       1.849971e-05            0.3185
 7       6.031083e-06            0.3260
 8       2.001719e-06            0.3319
 9       6.737120e-07            0.3366
 10      2.292802e-07            0.3403
 11      7.873351e-08            0.3434
 12      2.723733e-08            0.3459
 13      9.480984e-09            0.3481
 14      3.317506e-09            0.3499
 15      1.166021e-09            0.3515
-------------------------------------------------------

Jump Value: 1.0000 | Ref Level: 4
Iter    Rel. Residual           Reduction Factor
-------------------------------------------------------
 0       6.607811e-02            -----
 1       9.378333e-03            0.1419
 2       2.225384e-03            0.2373
 3       6.117624e-04            0.2749
 4       1.782909e-04            0.2914
 5       5.429813e-05            0.3045
 6       1.710592e-05            0.3150
 7       5.535973e-06            0.3236
 8       1.829783e-06            0.3305
 9       6.148642e-07            0.3360
 10      2.093123e-07            0.3404
 11      7.199243e-08            0.3439
 12      2.496837e-08            0.3468
 13      8.718913e-09            0.3492
 14      3.062122e-09            0.3512
 15      1.080705e-09            0.3529
-------------------------------------------------------

Jump Value: 1.0000 | Ref Level: 5
Iter    Rel. Residual           Reduction Factor
-------------------------------------------------------
 0       6.636919e-02            -----
 1       9.309239e-03            0.1403
 2       2.187852e-03            0.2350
 3       5.933994e-04            0.2712
 4       1.707485e-04            0.2877
 5       5.137541e-05            0.3009
 6       1.601125e-05            0.3117
 7       5.133090e-06            0.3206
 8       1.683314e-06            0.3279
 9       5.621202e-07            0.3339
 10      1.904679e-07            0.3388
 11      6.530348e-08            0.3429
 12      2.260698e-08            0.3462
 13      7.889058e-09            0.3490
 14      2.771608e-09            0.3513
 15      9.793382e-10            0.3533
-------------------------------------------------------

Jump Value: 10.0000 | Ref Level: 0
Iter    Rel. Residual           Reduction Factor
-------------------------------------------------------
 0       9.272213e-16            -----
 1       9.272213e-16            1.0000
 2       9.272213e-16            1.0000
 3       9.272213e-16            1.0000
 4       9.272213e-16            1.0000
 5       9.272213e-16            1.0000
 6       9.272213e-16            1.0000
 7       9.272213e-16            1.0000
 8       9.272213e-16            1.0000
 9       9.272213e-16            1.0000
 10      9.272213e-16            1.0000
 11      9.272213e-16            1.0000
 12      9.272213e-16            1.0000
 13      9.272213e-16            1.0000
 14      9.272213e-16            1.0000
 15      9.272213e-16            1.0000
-------------------------------------------------------

Jump Value: 10.0000 | Ref Level: 1
Iter    Rel. Residual           Reduction Factor
-------------------------------------------------------
 0       5.709139e-02            -----
 1       1.738054e-02            0.3044
 2       1.054366e-02            0.6066
 3       7.185399e-03            0.6815
 4       5.126805e-03            0.7135
 5       3.771056e-03            0.7356
 6       2.828394e-03            0.7500
 7       2.148933e-03            0.7598
 8       1.647174e-03            0.7665
 9       1.270401e-03            0.7713
 10      9.841140e-04            0.7746
 11      7.647260e-04            0.7771
 12      5.955711e-04            0.7788
 13      4.645725e-04            0.7800
 14      3.628044e-04            0.7809
 15      2.835676e-04            0.7816
-------------------------------------------------------

Jump Value: 10.0000 | Ref Level: 2
Iter    Rel. Residual           Reduction Factor
-------------------------------------------------------
 0       7.780837e-02            -----
 1       1.599989e-02            0.2056
 2       9.769123e-03            0.6106
 3       6.887631e-03            0.7050
 4       5.067924e-03            0.7358
 5       3.828478e-03            0.7554
 6       2.945962e-03            0.7695
 7       2.296801e-03            0.7796
 8       1.808144e-03            0.7872
 9       1.434194e-03            0.7932
 10      1.144538e-03            0.7980
 11      9.180895e-04            0.8021
 12      7.397446e-04            0.8057
 13      5.984215e-04            0.8090
 14      4.858435e-04            0.8119
 15      3.957457e-04            0.8146
-------------------------------------------------------

Jump Value: 10.0000 | Ref Level: 3
Iter    Rel. Residual           Reduction Factor
-------------------------------------------------------
 0       7.504322e-02            -----
 1       1.410644e-02            0.1880
 2       8.404952e-03            0.5958
 3       6.095714e-03            0.7253
 4       4.568177e-03            0.7494
 5       3.482471e-03            0.7623
 6       2.688731e-03            0.7721
 7       2.097082e-03            0.7800
 8       1.649594e-03            0.7866
 9       1.307268e-03            0.7925
 10      1.042942e-03            0.7978
 11      8.372097e-04            0.8027
 12      6.759365e-04            0.8074
 13      5.486799e-04            0.8117
 14      4.476408e-04            0.8159
 15      3.669431e-04            0.8197
-------------------------------------------------------

Jump Value: 10.0000 | Ref Level: 4
Iter    Rel. Residual           Reduction Factor
-------------------------------------------------------
 0       7.751055e-02            -----
 1       1.415256e-02            0.1826
 2       8.429611e-03            0.5956
 3       6.254920e-03            0.7420
 4       4.782105e-03            0.7645
 5       3.703266e-03            0.7744
 6       2.896018e-03            0.7820
 7       2.283632e-03            0.7885
 8       1.814011e-03            0.7944
 9       1.450641e-03            0.7997
 10      1.167308e-03            0.8047
 11      9.448453e-04            0.8094
 12      7.690418e-04            0.8139
 13      6.292525e-04            0.8182
 14      5.174369e-04            0.8223
 15      4.274805e-04            0.8261
-------------------------------------------------------

Jump Value: 10.0000 | Ref Level: 5
Iter    Rel. Residual           Reduction Factor
-------------------------------------------------------
 0       7.795495e-02            -----
 1       1.384536e-02            0.1776
 2       8.204482e-03            0.5926
 3       6.152458e-03            0.7499
 4       4.741614e-03            0.7707
 5       3.692099e-03            0.7787
 6       2.898870e-03            0.7852
 7       2.293257e-03            0.7911
 8       1.826868e-03            0.7966
 9       1.464920e-03            0.8019
 10      1.182033e-03            0.8069
 11      9.594597e-04            0.8117
 12      7.832143e-04            0.8163
 13      6.427804e-04            0.8207
 14      5.301976e-04            0.8249
 15      4.394042e-04            0.8288
-------------------------------------------------------

Jump Value: 100.0000 | Ref Level: 0
Iter    Rel. Residual           Reduction Factor
-------------------------------------------------------
 0       8.387008e-16            -----
 1       8.387008e-16            1.0000
 2       8.387008e-16            1.0000
 3       8.387008e-16            1.0000
 4       8.387008e-16            1.0000
 5       8.387008e-16            1.0000
 6       8.387008e-16            1.0000
 7       8.387008e-16            1.0000
 8       8.387008e-16            1.0000
 9       8.387008e-16            1.0000
 10      8.387008e-16            1.0000
 11      8.387008e-16            1.0000
 12      8.387008e-16            1.0000
 13      8.387008e-16            1.0000
 14      8.387008e-16            1.0000
 15      8.387008e-16            1.0000
-------------------------------------------------------

Jump Value: 100.0000 | Ref Level: 1
Iter    Rel. Residual           Reduction Factor
-------------------------------------------------------
 0       5.147104e-02            -----
 1       6.526145e-03            0.1268
 2       4.096590e-03            0.6277
 3       3.745492e-03            0.9143
 4       3.468380e-03            0.9260
 5       3.224159e-03            0.9296
 6       3.003405e-03            0.9315
 7       2.802852e-03            0.9332
 8       2.620304e-03            0.9349
 9       2.453909e-03            0.9365
 10      2.302022e-03            0.9381
 11      2.163176e-03            0.9397
 12      2.036059e-03            0.9412
 13      1.919498e-03            0.9428
 14      1.812443e-03            0.9442
 15      1.713956e-03            0.9457
-------------------------------------------------------

Jump Value: 100.0000 | Ref Level: 2
Iter    Rel. Residual           Reduction Factor
-------------------------------------------------------
 0       7.752180e-02            -----
 1       8.166752e-03            0.1053
 2       3.289824e-03            0.4028
 3       2.871723e-03            0.8729
 4       2.689184e-03            0.9364
 5       2.535073e-03            0.9427
 6       2.395552e-03            0.9450
 7       2.267342e-03            0.9465
 8       2.148918e-03            0.9478
 9       2.039203e-03            0.9489
 10      1.937323e-03            0.9500
 11      1.842534e-03            0.9511
 12      1.754191e-03            0.9521
 13      1.671728e-03            0.9530
 14      1.594645e-03            0.9539
 15      1.522497e-03            0.9548
-------------------------------------------------------

Jump Value: 100.0000 | Ref Level: 3
Iter    Rel. Residual           Reduction Factor
-------------------------------------------------------
 0       7.560515e-02            -----
 1       8.789716e-03            0.1163
 2       2.676322e-03            0.3045
 3       2.148062e-03            0.8026
 4       2.020878e-03            0.9408
 5       1.920316e-03            0.9502
 6       1.828006e-03            0.9519
 7       1.742522e-03            0.9532
 8       1.663150e-03            0.9545
 9       1.589263e-03            0.9556
 10      1.520312e-03            0.9566
 11      1.455826e-03            0.9576
 12      1.395395e-03            0.9585
 13      1.338658e-03            0.9593
 14      1.285300e-03            0.9601
 15      1.235039e-03            0.9609
-------------------------------------------------------

Jump Value: 100.0000 | Ref Level: 4
Iter    Rel. Residual           Reduction Factor
-------------------------------------------------------
 0       7.848946e-02            -----
 1       9.483034e-03            0.1208
 2       2.601104e-03            0.2743
 3       1.910888e-03            0.7346
 4       1.800800e-03            0.9424
 5       1.724857e-03            0.9578
 6       1.654632e-03            0.9593
 7       1.588845e-03            0.9602
 8       1.527129e-03            0.9612
 9       1.469118e-03            0.9620
 10      1.414475e-03            0.9628
 11      1.362905e-03            0.9635
 12      1.314146e-03            0.9642
 13      1.267971e-03            0.9649
 14      1.224175e-03            0.9655
 15      1.182580e-03            0.9660
-------------------------------------------------------

Jump Value: 100.0000 | Ref Level: 5
Iter    Rel. Residual           Reduction Factor
-------------------------------------------------------
 0       7.914196e-02            -----
 1       9.629175e-03            0.1217
 2       2.482555e-03            0.2578
 3       1.726902e-03            0.6956
 4       1.629425e-03            0.9436
 5       1.569087e-03            0.9630
 6       1.513011e-03            0.9643
 7       1.459956e-03            0.9649
 8       1.409732e-03            0.9656
 9       1.362118e-03            0.9662
 10      1.316900e-03            0.9668
 11      1.273885e-03            0.9673
 12      1.232903e-03            0.9678
 13      1.193802e-03            0.9683
 14      1.156451e-03            0.9687
 15      1.120728e-03            0.9691
-------------------------------------------------------

Jump Value: 1000.0000 | Ref Level: 0
Iter    Rel. Residual           Reduction Factor
-------------------------------------------------------
 0       7.032958e-16            -----
 1       7.032958e-16            1.0000
 2       7.032958e-16            1.0000
 3       7.032958e-16            1.0000
 4       7.032958e-16            1.0000
 5       7.032958e-16            1.0000
 6       7.032958e-16            1.0000
 7       7.032958e-16            1.0000
 8       7.032958e-16            1.0000
 9       7.032958e-16            1.0000
 10      7.032958e-16            1.0000
 11      7.032958e-16            1.0000
 12      7.032958e-16            1.0000
 13      7.032958e-16            1.0000
 14      7.032958e-16            1.0000
 15      7.032958e-16            1.0000
-------------------------------------------------------

Jump Value: 1000.0000 | Ref Level: 1
Iter    Rel. Residual           Reduction Factor
-------------------------------------------------------
 0       5.130580e-02            -----
 1       4.444017e-03            0.0866
 2       6.914101e-04            0.1556
 3       5.127065e-04            0.7415
 4       4.931988e-04            0.9620
 5       4.870043e-04            0.9874
 6       4.825801e-04            0.9909
 7       4.784991e-04            0.9915
 8       4.745167e-04            0.9917
 9       4.705867e-04            0.9917
 10      4.667002e-04            0.9917
 11      4.628551e-04            0.9918
 12      4.590506e-04            0.9918
 13      4.552862e-04            0.9918
 14      4.515614e-04            0.9918
 15      4.478758e-04            0.9918
-------------------------------------------------------

Jump Value: 1000.0000 | Ref Level: 2
Iter    Rel. Residual           Reduction Factor
-------------------------------------------------------
 0       7.773822e-02            -----
 1       7.489498e-03            0.0963
 2       1.197054e-03            0.1598
 3       4.340331e-04            0.3626
 4       3.627645e-04            0.8358
 5       3.543842e-04            0.9769
 6       3.511497e-04            0.9909
 7       3.485627e-04            0.9926
 8       3.461199e-04            0.9930
 9       3.437304e-04            0.9931
 10      3.413740e-04            0.9931
 11      3.390456e-04            0.9932
 12      3.367436e-04            0.9932
 13      3.344671e-04            0.9932
 14      3.322158e-04            0.9933
 15      3.299890e-04            0.9933
-------------------------------------------------------

Jump Value: 1000.0000 | Ref Level: 3
Iter    Rel. Residual           Reduction Factor
-------------------------------------------------------
 0       7.582308e-02            -----
 1       8.545260e-03            0.1127
 2       1.518876e-03            0.1777
 3       4.100455e-04            0.2700
 4       2.681792e-04            0.6540
 5       2.577795e-04            0.9612
 6       2.557578e-04            0.9922
 7       2.541396e-04            0.9937
 8       2.525501e-04            0.9937
 9       2.509785e-04            0.9938
 10      2.494255e-04            0.9938
 11      2.478911e-04            0.9938
 12      2.463749e-04            0.9939
 13      2.448764e-04            0.9939
 14      2.433953e-04            0.9940
 15      2.419311e-04            0.9940
-------------------------------------------------------

Jump Value: 1000.0000 | Ref Level: 4
Iter    Rel. Residual           Reduction Factor
-------------------------------------------------------
 0       7.871594e-02            -----
 1       9.346925e-03            0.1187
 2       1.763650e-03            0.1887
 3       4.385412e-04            0.2487
 4       2.360298e-04            0.5382
 5       2.205318e-04            0.9343
 6       2.187715e-04            0.9920
 7       2.176393e-04            0.9948
 8       2.165234e-04            0.9949
 9       2.154137e-04            0.9949
 10      2.143141e-04            0.9949
 11      2.132257e-04            0.9949
 12      2.121484e-04            0.9949
 13      2.110820e-04            0.9950
 14      2.100264e-04            0.9950
 15      2.089812e-04            0.9950
-------------------------------------------------------

Jump Value: 1000.0000 | Ref Level: 5
Iter    Rel. Residual           Reduction Factor
-------------------------------------------------------
 0       7.936677e-02            -----
 1       9.544573e-03            0.1203
 2       1.809525e-03            0.1896
 3       4.311984e-04            0.2383
 4       2.110696e-04            0.4895
 5       1.937577e-04            0.9180
 6       1.922150e-04            0.9920
 7       1.913785e-04            0.9956
 8       1.905529e-04            0.9957
 9       1.897280e-04            0.9957
 10      1.889085e-04            0.9957
 11      1.880959e-04            0.9957
 12      1.872902e-04            0.9957
 13      1.864913e-04            0.9957
 14      1.856991e-04            0.9958
 15      1.849135e-04            0.9958
-------------------------------------------------------

Jump Value: 10000.0000 | Ref Level: 0
Iter    Rel. Residual           Reduction Factor
-------------------------------------------------------
 0       1.021537e-15            -----
 1       1.021537e-15            1.0000
 2       1.021537e-15            1.0000
 3       1.021537e-15            1.0000
 4       1.021537e-15            1.0000
 5       1.021537e-15            1.0000
 6       1.021537e-15            1.0000
 7       1.021537e-15            1.0000
 8       1.021537e-15            1.0000
 9       1.021537e-15            1.0000
 10      1.021537e-15            1.0000
 11      1.021537e-15            1.0000
 12      1.021537e-15            1.0000
 13      1.021537e-15            1.0000
 14      1.021537e-15            1.0000
 15      1.021537e-15            1.0000
-------------------------------------------------------

Jump Value: 10000.0000 | Ref Level: 1
Iter    Rel. Residual           Reduction Factor
-------------------------------------------------------
 0       5.130714e-02            -----
 1       4.359369e-03            0.0850
 2       4.258776e-04            0.0977
 3       9.445103e-05            0.2218
 4       5.456317e-05            0.5777
 5       5.143729e-05            0.9427
 6       5.097308e-05            0.9910
 7       5.085378e-05            0.9977
 8       5.079600e-05            0.9989
 9       5.074996e-05            0.9991
 10      5.070627e-05            0.9991
 11      5.066307e-05            0.9991
 12      5.062001e-05            0.9992
 13      5.057702e-05            0.9992
 14      5.053407e-05            0.9992
 15      5.049117e-05            0.9992
-------------------------------------------------------

Jump Value: 10000.0000 | Ref Level: 2
Iter    Rel. Residual           Reduction Factor
-------------------------------------------------------
 0       7.776735e-02            -----
 1       7.477665e-03            0.0962
 2       1.122198e-03            0.1501
 3       2.290577e-04            0.2041
 4       6.373844e-05            0.2783
 5       3.918263e-05            0.6147
 6       3.697247e-05            0.9436
 7       3.671160e-05            0.9929
 8       3.664588e-05            0.9982
 9       3.661098e-05            0.9990
 10      3.658261e-05            0.9992
 11      3.655580e-05            0.9993
 12      3.652939e-05            0.9993
 13      3.650311e-05            0.9993
 14      3.647688e-05            0.9993
 15      3.645069e-05            0.9993
-------------------------------------------------------

Jump Value: 10000.0000 | Ref Level: 3
Iter    Rel. Residual           Reduction Factor
-------------------------------------------------------
 0       7.584858e-02            -----
 1       8.549320e-03            0.1127
 2       1.500680e-03            0.1755
 3       3.210212e-04            0.2139
 4       7.695942e-05            0.2397
 5       3.137793e-05            0.4077
 6       2.689311e-05            0.8571
 7       2.661863e-05            0.9898
 8       2.658845e-05            0.9989
 9       2.657046e-05            0.9993
 10      2.655291e-05            0.9993
 11      2.653538e-05            0.9993
 12      2.651787e-05            0.9993
 13      2.650038e-05            0.9993
 14      2.648291e-05            0.9993
 15      2.646547e-05            0.9993
-------------------------------------------------------

Jump Value: 10000.0000 | Ref Level: 4
Iter    Rel. Residual           Reduction Factor
-------------------------------------------------------
 0       7.874120e-02            -----
 1       9.353150e-03            0.1188
 2       1.754682e-03            0.1876
 3       3.833414e-04            0.2185
 4       8.965420e-05            0.2339
 5       3.017530e-05            0.3366
 6       2.305251e-05            0.7640
 7       2.261191e-05            0.9809
 8       2.258234e-05            0.9987
 9       2.257062e-05            0.9995
 10      2.255873e-05            0.9995
 11      2.254658e-05            0.9995
 12      2.253438e-05            0.9995
 13      2.252218e-05            0.9995
 14      2.250999e-05            0.9995
 15      2.249782e-05            0.9995
-------------------------------------------------------

Jump Value: 10000.0000 | Ref Level: 5
Iter    Rel. Residual           Reduction Factor
-------------------------------------------------------
 0       7.939117e-02            -----
 1       9.551569e-03            0.1203
 2       1.803957e-03            0.1889
 3       3.894892e-04            0.2159
 4       8.941774e-05            0.2296
 5       2.799775e-05            0.3131
 6       2.024044e-05            0.7229
 7       1.976289e-05            0.9764
 8       1.973596e-05            0.9986
 9       1.972769e-05            0.9996
 10      1.971912e-05            0.9996
 11      1.971027e-05            0.9996
 12      1.970135e-05            0.9995
 13      1.969242e-05            0.9995
 14      1.968351e-05            0.9995
 15      1.967460e-05            0.9995
-------------------------------------------------------

